13053450262
13053450263
13053450265
13053450267
13053450269
12019812905
12024412213
12024983905
12025050608
12027655754
12034156871
12036546073
12063103658
12066604445
12082212587
12082416712
12082419620
12082504041
12082506666
12083133017
12083135887
12083206506
12083530735
12083533159
12083537582
12084133656
12084738579
12085122008
12085213306
12085215585
12085534280
12085690531
12085898717
12085898798
12085973864
12085993468
12086312993
12086518756
12086607419
12086613980
12086917936
12086918888
12086991881
12087033068
12087036061
12087051756
12087136285
12087138018
12087310187
12087310194
12087310819
12087554255
12087559597
12087900551
12088003857
12088307611
12088308983
12088415947
12088596946
12088597206
12088606692
12088630312
12088630320
12088637097
12088666433
12088676544
12088679778
12088696297
12088701220
12088706085
12088707371
12088712704
12088907839
12088996001
12088999968
12089210466
12089610404
12089715639
12089891618
12089898717
12093273251
12093455300
12094100218
12094799146
12094957794
12095099793
12096883779
12139991093
12177781262
12177782226
12246195924
12252647912
12298941791
12392184505
12392222220
12392921391
12393003693
12394051643
12394647165
12394649939
12395370494
12396915762
12396918813
12396993637
12396996470
12396997647
12397775846
12397777573
12398726001
12398728756
12527244363
12705665864
13023678310
13023794661
13023814905
13023815219
13023830809
13023833085
13023839345
13023885971
13024234469
13024304365
13024381066
13024636360
13025218202
13025280316
13025285034
13025453006
13025470449
13025590155
13025627082
13025639228
13025840714
13025847313
13025885218
13025886931
13025887878
13025933804
13025934612
13025981814
13026326555
13026906173
13027409772
13027452595
13027504221
13027536657
13028582958
13028932810
13035475183
13038035300
13052444553
13052449608
13052987300
13053450722
13053893037
13053933513
13054677140
13054909440
13054960804
13055469194
13055860374
13055862802
13055865685
13055866545
13055875296
13056061197
13056139862
13057267809
13057316448
13057724992
13057736548
13057971078
13058047214
13059231644
13059242156
13059427853
13059686779
13059688433
13059705142
13059783815
13059783938
13072586079
13092214180
13092215737
13092649882
13093102889
13107029159
13107394619
13109036911
13109084275
13109412172
13109952499
13122867051
13124988804
13125453717
13125937956
13126220339
13128826453
13129092244
13129254345
13129258945
13144637353
13192311816
13193213870
13193252583
13193313155
13193618406
13193894454
13195518129
13197508441
13212817773
13212870387
13214034502
13214274420
13214311697
13214433027
13216243102
13216265984
13216268443
13216952034
13216953560
13217457643
13399277060
13463025210
13523181523
13523183345
13523221484
13525161690
13528040917
13863660139
13864732630
13865471991
13866791049
13868828241
14014103151
14029818208
14042810060
14043144530
14044057387
14044058682
14044228557
14044334124
14044514234
14045098581
14045123925
14045534789
14045785520
14045832768
14047358907
14047483137
14047752332
14057401715
14072568396
14072569758
14072726194
14073758405
14073991940
14073999577
14074210812
14074484568
14074524193
14074630380
14074891448
14074934614
14075904949
14075950441
14076162501
14076876754
14077095830
14077653105
14077821329
14078600100
14078604289
14079482531
14079631432
14079656536
14083913799
14084760783
14084800622
14085616822
14088023650
14088322939
14124787503
14128601460
14132811586
14133295617
14133745674
14134591454
14153595735
14155747124
14159941336
14233646510
14233647282
14233689261
14234131975
14234134750
14236051336
14236679175
14237748387
14255823550
14258640672
14357705495
14782782843
14788081918
14789529957
15025230613
15033130008
15082504471
15082649197
15082923691
15083448217
15083607676
15084142050
15084155827
15084391727
15084463209
15085230384
15085242088
15085246781
15085795693
15085797479
15086315976
15086316376
15086319138
15086540559
15086670034
15086855953
15087280311
15087334587
15087762504
15088139014
15088401364
15088402129
15089445591
15099902954
15099908241
15104279793
15105754012
15106125597
15106846043
15106955937
15107988576
15109678344
15152382362
15154509288
15154602033
15154809614
15156692030
15156818577
15159717374
15308670017
15412069838
15417901041
15597737976
15599301768
15612126452
15612363878
15612892809
15613023621
15613029459
15613391221
15613711202
15613733065
15614453249
15615967890
15616025313
15616284635
15616325319
15616325894
15616769310
15616996247
15617065800
15617076794
15617181281
15617184936
15617798945
15618567135
15619514636
15622666570
15628436454
15628963429
15629649545
15632990928
15633576317
15633801904
15635438306
15639406086
15754187222
16033878149
16038199022
16039866785
16052158300
16059991742
16153106320
16153511466
16153649362
16154007002
16154007227
16154007368
16154383851
16154794563
16154795606
16154965954
16155332339
16155457775
16155457810
16156183757
16156535992
16158041000
16159480667
16172337365
16173065580
16173124048
16173127356
16173192376
16173197096
16174299169
16174382803
16174606650
16174607405
16175939251
16176974637
16176979530
16177336692
16177927544
16178181817
16178237627
16178340655
16178402409
16179090732
16184449222
16186607892
16189601679
16192516300
16193950296
16195407335
16195494282
16195659072
16197150599
16198651201
16204719196
16264281311
16267161521
16267800836
16302153620
16302348643
16302996010
16303418152
16304607919
16306420247
16307154324
16308531226
16308811650
16364486955
16414852102
16414852512
16415212186
16507439692
16508142068
16613403565
16616099501
16784784626
16786838459
16788513936
17024999383
17122818202
17125415223
17143304628
17145989745
17155312618
17208913680
17272156928
17275059490
17275150006
17275175696
17275346729
17275808675
17276418028
17277444037
17278510587
17323715219
17544220209
17544221659
17544234284
17544238822
17579690201
17602248014
17606175909
17635168612
17703161108
17703171933
17703636701
17703645182
17703805298
17705617972
17705982073
17705983378
17705984831
17706050702
17708992404
17724131572
17725322081
17729130046
17729793681
17732203337
17732993867
17733514945
17733703301
17734120463
17734265859
17734853751
17735107889
17735173070
17735512581
17735518890
17735750466
17735755285
17735761099
17735768482
17736089244
17737272832
17737273818
17737320891
17737505025
17737981844
17739095879
17742628862
17743139048
17744877611
17757221564
17812580269
17812581754
17812585305
17812587942
17813255617
17815344090
17815880736
17815895433
17817753462
17817756169
17817757040
17817757201
17817994459
17818836126
17819298454
17862103848
17862361098
17862538727
17862558008
17862957203
17863028472
17863033409
17863442596
17863553252
17863576702
17863723547
17863859703
17863994418
17864880227
17865251654
17866030006
17868731039
18013191575
18013809301
18014939779
18015101232
18015204437
18015801418
18015809383
18016419532
18017916628
18018425041
18018853000
18023916980
18025351230
18037306665
18052159004
18052315096
18053501506
18053502947
18054782071
18056802572
18056896185
18082712530
18083526660
18132151129
18132205105
18132442225
18132445776
18133341431
18133812866
18134685470
18134950762
18135455567
18135463914
18136244819
18136245481
18136940391
18136952020
18137270128
18137276823
18137278799
18137325811
18137436776
18137758781
18137854309
18137876464
18138503265
18139007625
18139240919
18139242711
18139673574
18142158878
18153426038
18153530483
18153827220
18155058224
18155750525
18157614685
18157919228
18182193060
18182815997
18182885055
18183551210
18183846890
18184450538
18185195424
18186208428
18186607036
18283010097
18472740847
18472758868
18472874021
18473129805
18473630838
18474012950
18474140035
18474146900
18476303599
18476306989
18476685834
18476823188
18477021149
18477571398
18477918445
18479023912
18503463778
18503801523
18503801861
18505287496
18505431458
18505850305
18506944881
18508320075
18566300652
18572053105
18574924359
18579980935
18586033122
18586995467
18586995985
18587225617
18593380367
18594945813
18633989832
18635957073
18636026413
18636981431
18636983539
18639441874
18643603710
18653852569
18654051759
18654056067
18654059772
18656043282
18656176491
18656214918
18656218557
18656219982
18659648675
18708070605
19012167868
19012623564
19012928426
19012990087
19013785164
19014130366
19014130974
19014841608
19014864909
19014917221
19014975100
19015171070
19015501214
19018257058
19042061838
19042344929
19042351422
19042941837
19043432472
19044225593
19045378606
19045532041
19045534420
19046144483
19046699801
19046730590
19046738638
19047043224
19047353782
19048132489
19093740419
19093741971
19126745549
19162961858
19162964610
19165299153
19167308413
19168021532
19168627853
19175202125
19253814252
19254081628
19258646159
19312178530
19312208111
19312929064
19313041435
19316076154
19316372220
19319791418
19319795898
19414563677
19416267182
19416857030
19417042387
19418099696
19419282563
19419288920
19419322368
19492859891
19494399542
19496783156
19542531511
19542543081
19542909282
19542963193
19543044714
19543284284
19543285519
19543475406
19544653961
19544654568
19544656650
19544799417
19544838733
19545578616
19545578999
19545605204
19545606935
19545607517
19545626809
19545629041
19546055298
19546463742
19546472107
19546478957
19546484849
19546488002
19546489108
19546513132
19546658062
19547093548
19547095218
19548021789
19548037598
19548057203
19548299621
19548680992
19782399935
19783027795
19783141807
19783142142
19783756439
19783901438
19784231703
19785003905
19785142492
19787661876
19787716893
19787718227
19788047587
19788289726
19788337775
19788692580
